      1 0.01177000
      1 0.00664580
      1 0.00540260
      1 0.00450600
      1 0.00392600
      1 0.00381034
      1 0.00333800
      1 0.00303800
      2 0.00244600
      4 0.00224774
      1 0.00223572
      3 0.00203138
      1 0.00200200
      1 0.00185400
      1 0.00169500
      1 0.00147240
      1 0.00126200
      1 0.00107550
      5 0.00100000
      1 0.00096600
      1 0.00090000
      1 0.00084589
      1 0.00081800
      1 0.00073650
      1 0.00066960
      1 0.00062640
      1 0.00060000
      1 0.00057420
      2 0.00050000
      1 0.00044640
      2 0.00040000
      1 0.00036676
      6 0.00033900
      5 0.00033600
      1 0.00031744
      2 0.00030000
      1 0.00029027
      1 0.00026928
      1 0.00026620
      1 0.00026560
      1 0.00025420
      1 0.00025000
      1 0.00023664
      1 0.00022713
      5 0.00022600
      1 0.00022420
      1 0.00022400
      1 0.00021132
      2 0.00020050
      1 0.00019950
      1 0.00018700
      1 0.00018080
      1 0.00017872
      1 0.00016266
      1 0.00016000
      1 0.00015750
      1 0.00015242
      1 0.00014280
      1 0.00012900
      1 0.00012495
      1 0.00012328
      1 0.00012000
      1 0.00011602
      3 0.00011300
      1 0.00010764
      1 0.00010428
      4 0.00010377
      1 0.00010329
      1 0.00010307
      1 0.00010268
      1 0.00010180
      1 0.00010010
      4 0.00010000
      1 0.00009991
      4 0.00009699
      1 0.00009546
      1 0.00009364
      1 0.00009200
      1 0.00009174
      1 0.00009080
      1 0.00009037
      1 0.00008738
      1 0.00008632
      1 0.00008280
      1 0.00007600
      2 0.00007503
      2 0.00007480
      1 0.00007464
      1 0.00007411
      1 0.00007317
      1 0.00007180
      1 0.00007162
      1 0.00006984
      1 0.00006876
      1 0.00006700
      1 0.00006565
      1 0.00006263
      1 0.00005994
      1 0.00005982
      1 0.00005760
      1 0.00005650
      3 0.00005616
      1 0.00005610
      1 0.00005580
      1 0.00005464
      1 0.00005220
      1 0.00005152
      1 0.00005044
      1 0.00005040
      7 0.00005000
      1 0.00004918
      1 0.00004908
      1 0.00004530
      1 0.00004500
      1 0.00004400
      1 0.00004188
      1 0.00004162
      1 0.00004020
      1 0.00004000
      1 0.00003899
      1 0.00003850
      3 0.00003740
      1 0.00003654
      1 0.00003545
      1 0.00003507
      1 0.00003462
      1 0.00003391
      1 0.00003374
      3 0.00003360
      2 0.00003350
      1 0.00003317
      1 0.00003262
      2 0.00003132
      3 0.00003114
      1 0.00002981
      1 0.00002927
      1 0.00002832
      1 0.00002775
      1 0.00002748
      4 0.00002636
      1 0.00002626
      2 0.00002610
      1 0.00002609
      1 0.00002599
      1 0.00002596
      2 0.00002535
      1 0.00002499
      6 0.00002497
      1 0.00002486
      4 0.00002483
      1 0.00002479
      5 0.00002409
      1 0.00002408
      3 0.00002404
      1 0.00002400
      1 0.00002388
      1 0.00002385
      1 0.00002370
      1 0.00002369
      1 0.00002363
      1 0.00002360
      1 0.00002344
      1 0.00002330
      1 0.00002305
      2 0.00002300
      8 0.00002260
      1 0.00002255
      1 0.00002250
      1 0.00002244
      1 0.00002240
      1 0.00002097
      1 0.00002080
      2 0.00002075
      1 0.00002070
      2 0.00002018
      1 0.00002016
      1 0.00002011
      1 0.00002000
     18 0.00001944
      2 0.00001920
      1 0.00001910
      1 0.00001905
      1 0.00001899
      3 0.00001889
      1 0.00001878
     15 0.00001870
      1 0.00001844
      1 0.00001808
      1 0.00001776
      1 0.00001768
      1 0.00001750
      1 0.00001700
      1 0.00001690
      1 0.00001670
      1 0.00001660
      1 0.00001638
      1 0.00001636
      1 0.00001596
      1 0.00001590
      2 0.00001572
      2 0.00001554
      1 0.00001538
      1 0.00001517
      1 0.00001450
      2 0.00001368
     13 0.00001356
      4 0.00001351
      3 0.00001300
      3 0.00001298
      1 0.00001297
      1 0.00001296
      1 0.00001290
      1 0.00001285
      1 0.00001278
      3 0.00001260
      1 0.00001255
      1 0.00001250
      1 0.00001245
      1 0.00001232
      6 0.00001226
      1 0.00001223
      2 0.00001221
      7 0.00001215
     13 0.00001211
      1 0.00001207
      7 0.00001200
      1 0.00001197
      1 0.00001194
      1 0.00001189
      1 0.00001187
      2 0.00001184
      1 0.00001162
      1 0.00001160
      8 0.00001141
      1 0.00001138
      3 0.00001134
      7 0.00001131
     48 0.00001130
      1 0.00001125
      1 0.00001124
      1 0.00001120
      1 0.00001119
      2 0.00001086
      4 0.00001081
      1 0.00001067
      1 0.00001060
      1 0.00001044
      1 0.00001041
      2 0.00000988
      1 0.00000980
      3 0.00000964
      2 0.00000960
      1 0.00000948
      1 0.00000922
     10 0.00000907
      4 0.00000896
      2 0.00000853
      3 0.00000850
      2 0.00000849
      5 0.00000848
      1 0.00000845
      2 0.00000840
      1 0.00000838
      5 0.00000830
      1 0.00000800
     32 0.00000782
     12 0.00000771
      2 0.00000758
      1 0.00000748
      3 0.00000743
      2 0.00000737
      1 0.00000731
      1 0.00000686
      1 0.00000678
      1 0.00000673
      4 0.00000557
      6 0.00000551
      1 0.00000504
      1 0.00000476
      5 0.00000452
      1 0.00000416
      1 0.00000279
      1 0.00000272
      1 0.00000231
      4 0.00000226
      1 0.00000224
      1 0.00000222
      1 0.00000169
      1 0.00000121
