    114 0.00001130
    102 0.00000728
     63 0.00001128
     60 0.00000845
     36 0.00001117
     36 0.00000718
     32 0.00002260
     27 0.00005000
     27 0.00000452
     22 0.00001870
     21 0.00010000
     21 0.00001944
     20 0.00001142
     20 0.00000460
     19 0.00000834
     18 0.00001356
     16 0.00009051
     16 0.00002442
     15 0.00001132
     14 0.00002930
     13 0.00001620
     13 0.00001097
     12 0.00002240
     11 0.00050000
     11 0.00002610
     11 0.00002476
     11 0.00002185
     10 0.00002580
     10 0.00000830
      9 0.00100000
      9 0.00009684
      8 0.00003430
      8 0.00001133
      8 0.00001056
      7 0.00033900
      6 0.00033600
      6 0.00002520
      6 0.00002244
      6 0.00001994
      6 0.00001368
      6 0.00001260
      6 0.00001083
      5 0.00020000
      5 0.00012750
      5 0.00004500
      5 0.00003720
      5 0.00001920
      5 0.00000630
      5 0.00000455
      4 0.00060000
      4 0.00007002
      4 0.00005616
      4 0.00003740
      4 0.00003350
      4 0.00002432
      4 0.00001745
      4 0.00001141
      4 0.00001025
      4 0.00000984
      4 0.00000849
      4 0.00000507
      4 0.00000224
      3 0.00010410
      3 0.00010215
      3 0.00007154
      3 0.00004380
      3 0.00004090
      3 0.00003360
      3 0.00003114
      3 0.00002508
      3 0.00002424
      3 0.00002250
      3 0.00001572
      3 0.00001344
      3 0.00001078
      3 0.00000975
      3 0.00000835
      3 0.00000744
      3 0.00000619
      3 0.00000553
      3 0.00000501
      3 0.00000448
      2 0.00224774
      2 0.00223572
      2 0.00110000
      2 0.00040000
      2 0.00037400
      2 0.00023840
      2 0.00022400
      2 0.00019840
      2 0.00019719
      2 0.00015000
      2 0.00013874
      2 0.00011300
      2 0.00010440
      2 0.00009800
      2 0.00008088
      2 0.00008000
      2 0.00007635
      2 0.00006975
      2 0.00006840
      2 0.00005921
      2 0.00004227
      2 0.00003850
      2 0.00003800
      2 0.00003400
      2 0.00002944
      2 0.00002374
      2 0.00002347
      2 0.00002300
      2 0.00002000
      2 0.00001940
      2 0.00001760
      2 0.00001645
      2 0.00001582
      2 0.00001429
      2 0.00001290
      2 0.00001278
      2 0.00001219
      2 0.00001131
      2 0.00001074
      2 0.00000937
      2 0.00000840
      2 0.00000838
      2 0.00000748
      2 0.00000710
      2 0.00000704
      2 0.00000517
      2 0.00000504
      2 0.00000494
      2 0.00000446
      2 0.00000425
      2 0.00000300
      2 0.00000252
      2 0.00000227
      2 0.00000226
      2 0.00000192
      2 0.00000169
      1 0.01372200
      1 0.01168500
      1 0.00542004
      1 0.00391800
      1 0.00382236
      1 0.00333760
      1 0.00293288
      1 0.00261600
      1 0.00252000
      1 0.00210000
      1 0.00149600
      1 0.00133760
      1 0.00133618
      1 0.00129600
      1 0.00120000
      1 0.00113740
      1 0.00112640
      1 0.00111200
      1 0.00101700
      1 0.00098560
      1 0.00090000
      1 0.00087500
      1 0.00074715
      1 0.00061385
      1 0.00061050
      1 0.00056100
      1 0.00055800
      1 0.00054000
      1 0.00052200
      1 0.00052000
      1 0.00051000
      1 0.00048556
      1 0.00048000
      1 0.00047477
      1 0.00045600
      1 0.00045300
      1 0.00045200
      1 0.00045000
      1 0.00043200
      1 0.00042000
      1 0.00040900
      1 0.00039200
      1 0.00038200
      1 0.00037790
      1 0.00036676
      1 0.00035557
      1 0.00032105
      1 0.00030840
      1 0.00030000
      1 0.00029020
      1 0.00028710
      1 0.00028335
      1 0.00026560
      1 0.00026525
      1 0.00025104
      1 0.00023912
      1 0.00023000
      1 0.00022700
      1 0.00022600
      1 0.00022560
      1 0.00022512
      1 0.00022000
      1 0.00021850
      1 0.00020050
      1 0.00019845
      1 0.00018792
      1 0.00018755
      1 0.00018700
      1 0.00018611
      1 0.00017812
      1 0.00017720
      1 0.00017410
      1 0.00017203
      1 0.00016600
      1 0.00016320
      1 0.00014507
      1 0.00014460
      1 0.00013710
      1 0.00013019
      1 0.00012970
      1 0.00012870
      1 0.00012558
      1 0.00011680
      1 0.00011356
      1 0.00011250
      1 0.00011060
      1 0.00010860
      1 0.00010841
      1 0.00010800
      1 0.00010581
      1 0.00010300
      1 0.00010148
      1 0.00010057
      1 0.00010044
      1 0.00009967
      1 0.00009965
      1 0.00009939
      1 0.00009737
      1 0.00009714
      1 0.00009305
      1 0.00009270
      1 0.00009078
      1 0.00009040
      1 0.00009000
      1 0.00008741
      1 0.00008620
      1 0.00008090
      1 0.00008072
      1 0.00008039
      1 0.00008030
      1 0.00008017
      1 0.00007992
      1 0.00007980
      1 0.00007820
      1 0.00007790
      1 0.00007697
      1 0.00007659
      1 0.00007561
      1 0.00007461
      1 0.00007440
      1 0.00007373
      1 0.00007354
      1 0.00007050
      1 0.00007006
      1 0.00006944
      1 0.00006823
      1 0.00006800
      1 0.00006779
      1 0.00006740
      1 0.00006700
      1 0.00006500
      1 0.00006365
      1 0.00006078
      1 0.00006000
      1 0.00005824
      1 0.00005796
      1 0.00005749
      1 0.00005593
      1 0.00005580
      1 0.00005571
      1 0.00005490
      1 0.00005423
      1 0.00005232
      1 0.00005200
      1 0.00005130
      1 0.00005100
      1 0.00005060
      1 0.00005040
      1 0.00004983
      1 0.00004980
      1 0.00004923
      1 0.00004908
      1 0.00004862
      1 0.00004853
      1 0.00004740
      1 0.00004704
      1 0.00004699
      1 0.00004605
      1 0.00004533
      1 0.00004466
      1 0.00004442
      1 0.00004388
      1 0.00004317
      1 0.00004303
      1 0.00004302
      1 0.00004300
      1 0.00004261
      1 0.00004165
      1 0.00004125
      1 0.00003960
      1 0.00003876
      1 0.00003870
      1 0.00003867
      1 0.00003848
      1 0.00003842
      1 0.00003810
      1 0.00003736
      1 0.00003649
      1 0.00003640
      1 0.00003627
      1 0.00003622
      1 0.00003610
      1 0.00003440
      1 0.00003339
      1 0.00003199
      1 0.00003145
      1 0.00003134
      1 0.00003067
      1 0.00003000
      1 0.00002946
      1 0.00002943
      1 0.00002933
      1 0.00002901
      1 0.00002812
      1 0.00002802
      1 0.00002741
      1 0.00002724
      1 0.00002720
      1 0.00002701
      1 0.00002675
      1 0.00002660
      1 0.00002604
      1 0.00002603
      1 0.00002585
      1 0.00002570
      1 0.00002567
      1 0.00002549
      1 0.00002544
      1 0.00002524
      1 0.00002500
      1 0.00002490
      1 0.00002430
      1 0.00002393
      1 0.00002387
      1 0.00002375
      1 0.00002357
      1 0.00002298
      1 0.00002286
      1 0.00002273
      1 0.00002265
      1 0.00002242
      1 0.00002220
      1 0.00002119
      1 0.00002102
      1 0.00002099
      1 0.00002073
      1 0.00002040
      1 0.00001958
      1 0.00001933
      1 0.00001930
      1 0.00001928
      1 0.00001923
      1 0.00001910
      1 0.00001889
      1 0.00001885
      1 0.00001881
      1 0.00001868
      1 0.00001814
      1 0.00001804
      1 0.00001778
      1 0.00001775
      1 0.00001764
      1 0.00001758
      1 0.00001733
      1 0.00001702
      1 0.00001700
      1 0.00001680
      1 0.00001629
      1 0.00001594
      1 0.00001590
      1 0.00001519
      1 0.00001518
      1 0.00001488
      1 0.00001460
      1 0.00001430
      1 0.00001416
      1 0.00001355
      1 0.00001340
      1 0.00001328
      1 0.00001308
      1 0.00001305
      1 0.00001301
      1 0.00001300
      1 0.00001295
      1 0.00001294
      1 0.00001282
      1 0.00001279
      1 0.00001264
      1 0.00001216
      1 0.00001215
      1 0.00001200
      1 0.00001174
      1 0.00001152
      1 0.00001140
      1 0.00001134
      1 0.00001125
      1 0.00001116
      1 0.00001115
      1 0.00001100
      1 0.00001084
      1 0.00001082
      1 0.00001068
      1 0.00001060
      1 0.00001044
      1 0.00001030
      1 0.00001019
      1 0.00001000
      1 0.00000886
      1 0.00000828
      1 0.00000818
      1 0.00000800
      1 0.00000783
      1 0.00000777
      1 0.00000761
      1 0.00000749
      1 0.00000740
      1 0.00000700
      1 0.00000687
      1 0.00000680
      1 0.00000676
      1 0.00000665
      1 0.00000650
      1 0.00000628
      1 0.00000624
      1 0.00000622
      1 0.00000551
      1 0.00000529
      1 0.00000513
      1 0.00000500
      1 0.00000483
      1 0.00000477
      1 0.00000471
      1 0.00000436
      1 0.00000408
      1 0.00000405
      1 0.00000376
      1 0.00000372
      1 0.00000361
      1 0.00000303
      1 0.00000301
      1 0.00000290
      1 0.00000288
      1 0.00000268
      1 0.00000259
      1 0.00000190
      1 0.00000168
