      1 0.00000180
      1 0.00000246
      1 0.00000250
      1 0.00000282
      1 0.00000288
      1 0.00000333
      1 0.00000359
      1 0.00000364
      1 0.00000382
      1 0.00000384
      1 0.00000399
      1 0.00000486
      1 0.00000500
      1 0.00000507
      1 0.00000517
      1 0.00000553
      1 0.00000654
      1 0.00000659
      1 0.00000664
      1 0.00000750
      1 0.00000800
      1 0.00000873
      1 0.00000942
      1 0.00001010
      1 0.00001070
      1 0.00001105
      1 0.00001123
     22 0.00001130
      1 0.00001344
      1 0.00001420
      1 0.00001630
      6 0.00001682
     10 0.00001706
      1 0.00001755
      1 0.00001826
      3 0.00001870
      1 0.00001905
      1 0.00001943
      6 0.00001944
      5 0.00001955
      5 0.00001978
      1 0.00002065
      1 0.00002072
      1 0.00002168
      1 0.00002214
      1 0.00002300
      1 0.00002348
      1 0.00002468
      1 0.00002475
      1 0.00002553
      2 0.00002582
      1 0.00002606
      2 0.00002618
     15 0.00002642
      2 0.00002648
      2 0.00002653
      1 0.00002676
      1 0.00002679
      1 0.00002861
      1 0.00002876
      1 0.00002938
      1 0.00003507
      1 0.00003814
      1 0.00003842
      1 0.00003846
      1 0.00003861
      1 0.00004002
      1 0.00004068
      2 0.00004079
      1 0.00004193
      1 0.00004480
      1 0.00004714
      2 0.00004732
      1 0.00004850
      1 0.00004911
      2 0.00005000
      1 0.00005616
      1 0.00006690
      1 0.00006720
      1 0.00006780
      1 0.00006800
      1 0.00007216
      1 0.00007295
      1 0.00007361
      2 0.00007480
      1 0.00007497
      1 0.00007807
      2 0.00007854
      2 0.00008000
      1 0.00008310
      1 0.00009149
      1 0.00009200
      1 0.00009288
      3 0.00010000
      1 0.00010080
      2 0.00010127
      2 0.00010170
      1 0.00010554
      1 0.00010634
      1 0.00011160
      1 0.00011220
      1 0.00011222
      1 0.00011300
      1 0.00011550
      2 0.00012005
      1 0.00012667
      1 0.00013194
      1 0.00014630
      1 0.00015660
      1 0.00018727
      1 0.00029874
      3 0.00033600
      1 0.00033900
      1 0.00042000
      1 0.00047686
      1 0.00056100
      1 0.00067500
      1 0.00127360
      1 0.00513554
      1 0.00540000
      2 0.00596320
      1 0.00620480
      2 0.00800000
